127 123 125 123 122 116 163 197 198 181 114 122 127 123 126 122 126 121 124 125 121 135 141 137 137 135 134 134 133 132 132 134 134 132 132 134 132 127 123 123 124 124 124 124 124 124 124 124 124 124 124 124 124 124 124 124 124 124 124 124 124 124 124 124 124 124 124 124 124 124 124 124 124 124 124 124 124 124 124 124 124 124 124 124 124 124 124 124 124 124 124 124 124 124 124 124 124 124 124 124
121 124 125 121 118 156 202 200 179 109 125 126 122 125 124 126 122 126 124 115 140 144 140 141 138 136 135 134 132 132 133 135 132 134 135 132 127 123 123 125 124 124 124 124 124 124 124 124 124 124 124 124 124 124 124 124 124 124 124 124 124 124 124 124 124 124 124 124 124 124 124 124 124 124 124 124 124 124 124 124 124 124 124 124 124 124 124 124 124 124 124 124 124 124 124 124 124 124 124 124
124 122 127 113 162 203 192 178 113 129 126 119 126 121 126 122 122 129 116 139 147 145 145 140 140 138 137 135 133 132 132 134 132 134 133 128 123 122 124 125 124 124 124 124 124 124 124 124 124 124 124 124 124 124 124 124 124 124 124 124 124 124 124 124 124 124 124 124 124 124 124 124 124 124 124 124 124 124 124 124 124 124 124 124 124 124 124 124 124 124 124 124 124 124 124 124 124 124 124 124
125 123 114 161 195 200 186 115 120 121 122 130 125 125 121 126 125 117 142 151 148 147 144 142 141 140 139 138 136 133 132 132 133 130 126 123 123 124 124 123 124 124 124 124 124 124 124 124 124 124 124 124 124 124 124 124 124 124 124 124 124 124 124 124 124 124 124 124 124 124 124 124 124 124 124 124 124 124 124 124 124 124 124 124 124 124 124 124 124 124 124 124 124 124 124 124 124 124 124 124
122 114 153 199 197 189 115 121 125 127 123 119 128 123 128 124 119 134 157 149 148 151 145 144 143 142 141 139 138 136 135 133 131 125 121 123 125 125 124 124 124 124 124 124 124 124 124 124 124 124 124 124 124 124 124 124 124 124 124 124 124 124 124 124 124 124 124 124 124 124 124 124 124 124 124 124 124 124 124 124 124 124 124 124 124 124 124 124 124 124 124 124 124 124 124 124 124 124 124 124
118 145 202 199 195 111 123 126 125 120 127 123 126 120 123 121 130 158 149 155 149 147 149 145 145 144 141 140 139 139 137 134 126 123 122 125 125 123 123 126 124 124 124 124 124 124 124 124 124 124 124 124 124 124 124 124 124 124 124 124 124 124 124 124 124 124 124 124 124 124 124 124 124 124 124 124 124 124 124 124 124 124 124 124 124 124 124 124 124 124 124 124 124 124 124 124 124 124 124 124
140 204 194 192 122 122 125 123 124 123 123 126 124 127 122 127 157 151 158 152 154 147 148 147 147 145 143 141 141 139 134 128 124 123 124 125 124 123 123 125 124 124 124 124 124 124 124 124 124 124 124 124 124 124 124 124 124 124 124 124 124 124 124 124 124 124 124 124 124 124 124 124 124 124 124 124 124 124 124 124 124 124 124 124 124 124 124 124 124 124 124 124 124 124 124 124 124 124 124 124
200 193 201 122 118 126 125 124 125 124 125 125 121 122 127 159 163 158 154 154 151 155 150 149 147 146 144 143 142 138 128 120 124 124 124 123 124 125 124 122 124 124 124 124 124 124 124 124 124 124 124 124 124 124 124 124 124 124 124 124 124 124 124 124 124 124 124 124 124 124 124 124 124 124 124 124 124 124 124 124 124 124 124 124 124 124 124 124 124 124 124 124 124 124 124 124 124 124 124 124
196 199 124 119 125 121 125 123 123 126 122 121 124 120 163 164 160 157 156 156 154 153 152 149 149 146 147 146 141 134 121 123 125 124 122 124 126 124 122 124 123 124 125 121 127 120 124 127 123 125 125 123 124 124 123 123 125 122 124 124 124 124 123 125 124 124 124 124 124 124 124 124 124 124 124 124 124 124 124 124 124 124 124 124 124 124 124 124 124 124 124 124 124 124 124 124 124 124 124 124
198 124 118 127 126 125 119 128 123 123 125 126 119 162 165 163 162 161 161 158 154 153 154 152 148 151 147 148 142 118 122 126 122 124 128 124 121 128 127 123 122 121 127 122 124 131 129 123 124 122 123 124 123 123 125 128 123 127 126 124 124 123 123 125 124 124 124 124 124 124 124 124 124 124 124 124 124 124 124 124 124 124 124 124 124 124 124 124 124 124 124 124 124 124 124 124 124 124 124 124
135 124 127 118 126 123 129 122 124 121 128 115 164 167 172 163 163 163 163 160 156 156 157 154 153 149 151 146 119 122 126 123 127 121 124 123 123 124 122 124 129 123 127 128 133 84 86 101 131 130 129 125 125 132 131 119 123 124 119 123 124 123 125 122 125 124 124 124 124 124 124 124 124 124 124 124 124 124 124 124 124 124 124 124 124 124 124 124 124 124 124 124 124 124 124 124 124 124 124 124
120 122 124 126 128 122 124 124 123 126 114 157 174 172 163 169 165 162 161 161 160 159 158 154 156 154 147 117 124 126 122 123 123 126 124 125 127 124 123 124 123 123 128 100 93 60 39 38 33 57 106 134 103 53 32 36 30 108 133 122 126 126 124 126 124 124 124 124 124 124 124 124 124 124 124 124 124 124 124 124 124 124 124 124 124 124 124 124 124 124 124 124 124 124 124 124 124 124 124 124
129 121 126 125 120 127 123 124 124 116 152 181 173 168 171 167 169 164 163 164 162 159 158 157 158 151 119 122 125 125 121 125 122 129 120 121 126 123 128 126 128 138 113 94 35 38 43 44 44 40 40 39 37 43 45 37 130 134 124 123 124 119 124 122 123 123 123 123 123 124 124 124 124 124 124 124 124 124 124 124 124 124 124 124 124 124 124 124 124 124 124 124 124 124 124 124 124 124 124 124
123 127 123 123 126 121 122 126 116 147 184 177 172 173 172 168 169 166 166 166 162 160 161 163 154 125 121 125 125 119 129 121 127 124 123 128 122 128 134 104 69 32 36 38 50 42 47 47 46 46 46 43 40 45 47 42 38 73 107 129 133 129 129 123 124 124 124 124 124 124 124 124 124 124 124 124 124 124 124 124 124 124 124 124 124 124 124 124 124 124 124 124 124 124 124 124 124 124 124 124
123 120 128 123 122 129 125 120 138 188 179 176 173 179 168 173 168 168 168 166 163 164 163 158 131 125 124 123 123 129 118 126 119 126 124 129 127 81 38 41 38 46 44 46 44 42 45 47 45 42 44 47 48 45 44 45 46 39 36 44 67 107 131 126 125 125 125 124 124 124 124 124 124 124 124 124 124 124 124 124 124 124 124 124 124 124 124 124 124 124 124 124 124 124 124 124 124 124 124 124
124 125 123 127 123 123 120 131 189 185 176 181 177 172 179 172 171 171 169 165 165 167 160 146 118 124 122 124 126 122 125 124 126 129 126 75 33 39 45 44 46 44 46 45 43 47 46 43 45 46 45 45 46 46 45 45 44 47 44 41 42 35 48 85 127 126 126 125 124 124 124 123 124 124 124 124 124 124 124 124 124 124 124 124 124 124 124 124 124 124 124 124 124 124 124 124 124 124 124 124
125 123 124 122 124 123 120 193 185 183 181 179 178 177 175 173 173 171 171 171 164 169 150 118 123 125 124 124 123 123 123 129 130 82 41 37 46 46 43 45 45 45 45 45 45 45 45 45 45 45 45 45 45 45 45 45 46 46 46 45 45 44 44 44 34 67 125 129 125 123 124 124 124 121 125 126 122 124 122 126 124 124 124 124 124 124 124 124 124 124 124 124 124 124 124 124 124 124 124 124
124 128 120 125 124 116 192 187 186 185 184 182 181 179 177 176 175 173 170 164 177 152 119 122 123 119 127 126 123 125 131 107 42 40 40 44 46 44 45 49 45 45 45 45 45 45 45 45 45 45 45 45 45 45 45 45 45 45 45 45 45 44 44 44 46 44 28 71 126 130 127 124 124 125 128 120 128 125 124 121 124 124 124 124 124 124 124 124 124 124 124 124 124 124 124 124 124 124 124 124
123 122 127 119 119 184 190 194 186 186 186 184 182 180 179 178 175 177 172 177 156 114 122 126 125 128 121 122 125 136 80 36 43 47 48 46 45 45 44 41 45 45 45 45 45 45 45 45 45 45 45 45 45 45 45 45 45 45 45 45 45 45 45 44 44 47 45 41 36 88 132 127 117 126 125 118 125 125 123 126 124 124 124 124 124 124 124 124 124 124 124 124 124 124 124 124 124 124 124 124
124 125 121 117 179 197 194 186 188 188 187 185 183 181 180 179 177 178 176 165 113 126 125 124 124 122 127 126 131 57 36 43 44 44 43 43 43 45 46 47 45 45 45 45 45 45 45 45 45 45 45 45 45 45 45 45 45 45 45 45 45 45 45 45 44 43 45 46 41 39 51 120 132 127 119 128 124 122 126 123 124 124 124 124 124 124 124 124 124 124 124 124 124 124 124 124 124 124 124 124
127 123 112 176 201 197 194 190 191 190 189 187 185 184 182 181 179 176 179 112 123 128 124 121 123 123 123 131 48 41 49 47 46 46 48 48 46 44 44 45 45 45 45 45 45 45 45 45 45 45 45 45 45 45 45 45 44 45 45 45 45 45 45 45 49 42 44 51 43 43 45 34 89 133 123 127 121 124 126 123 124 124 124 124 124 124 124 124 124 124 124 124 124 124 124 124 124 124 124 124
122 112 161 208 198 196 194 194 193 191 189 188 186 185 184 183 181 184 118 128 121 120 126 124 126 123 134 50 42 41 43 45 44 44 43 42 43 45 44 42 45 45 45 45 45 45 45 45 45 45 45 45 45 45 45 45 45 45 45 45 45 45 45 45 42 47 42 44 50 43 46 43 38 72 133 124 124 127 119 129 124 124 124 124 124 124 124 124 124 124 124 124 124 124 124 124 124 124 124 124
120 140 216 196 201 200 193 196 193 192 191 189 187 186 186 186 184 125 122 120 126 125 123 126 123 134 52 43 40 48 50 42 42 46 48 47 45 45 46 46 45 45 45 45 45 45 45 45 45 45 45 45 45 45 45 45 45 45 45 45 45 45 45 45 47 45 49 44 44 42 43 47 42 38 64 136 122 122 128 120 124 124 124 124 124 124 124 124 124 124 124 124 124 124 124 124 124 124 124 124
124 210 205 204 200 200 200 197 194 194 193 191 189 188 189 190 135 121 120 129 121 121 128 121 133 55 40 43 48 42 42 48 47 44 43 45 46 45 44 46 45 45 45 45 45 45 45 45 45 45 45 45 45 45 45 45 45 45 45 45 45 45 45 45 43 44 46 45 45 45 46 45 45 44 35 63 133 123 125 123 124 124 124 124 124 124 124 124 124 124 124 124 124 124 124 124 124 124 124 124
206 206 206 205 203 201 199 198 197 198 195 195 190 188 198 146 117 127 123 121 126 123 123 136 64 45 39 46 48 45 44 45 45 45 45 45 45 45 45 45 45 45 45 45 45 45 45 45 45 45 45 45 45 45 45 45 45 45 45 45 45 45 45 45 45 45 45 45 45 45 45 45 46 45 46 35 71 136 124 124 126 123 122 127 123 124 124 124 124 124 124 124 124 124 124 124 124 124 124 124
209 208 208 207 205 203 201 200 197 199 190 194 193 201 156 118 125 124 122 126 125 122 130 89 40 42 46 47 44 43 45 45 45 45 45 45 45 45 45 45 45 45 45 45 45 45 45 45 45 45 45 45 45 45 45 45 45 45 45 45 45 45 45 45 45 45 45 45 45 45 45 45 46 42 45 49 37 88 128 124 123 126 123 125 124 123 125 125 124 124 124 124 124 124 124 124 124 124 124 124
211 210 209 207 205 204 203 202 199 195 203 192 201 170 111 123 126 122 126 124 120 128 119 37 38 45 47 43 43 45 46 45 45 45 45 45 45 45 45 45 45 45 45 45 45 45 45 45 45 45 45 45 45 45 45 45 45 45 45 45 45 45 45 45 45 45 45 45 45 45 45 45 46 45 45 46 45 31 108 129 121 125 123 123 125 123 125 124 124 124 124 124 124 124 124 124 124 124 124 124
213 212 210 208 206 205 204 204 202 201 196 202 184 114 125 124 125 123 123 122 127 132 50 41 48 47 43 42 47 47 44 45 45 45 45 45 45 45 45 45 45 45 45 45 45 45 45 45 45 45 45 45 45 45 45 45 45 45 45 45 45 45 45 45 45 45 45 45 45 45 45 45 44 48 46 42 46 50 32 126 128 122 123 123 126 125 123 123 124 124 124 124 124 124 124 124 124 124 124 124
215 214 212 210 209 207 206 206 203 202 199 195 115 123 126 123 122 127 127 123 130 88 42 41 44 45 44 46 49 45 42 46 45 45 45 45 45 45 45 45 45 45 45 45 45 45 45 45 45 45 45 45 45 45 45 45 45 45 45 45 45 45 45 45 45 45 45 45 45 45 45 45 46 44 45 49 42 42 43 63 133 122 124 124 124 126 122 124 124 124 124 124 124 124 124 124 124 124 124 124
215 215 213 212 210 209 207 207 208 202 203 121 120 122 125 124 125 125 121 128 122 32 45 48 42 45 45 45 46 45 45 46 45 45 45 45 45 45 45 45 45 45 45 45 45 45 45 45 45 45 45 45 45 45 45 45 45 45 45 45 45 45 45 45 45 45 45 45 45 45 45 45 43 50 42 45 45 46 46 35 116 126 125 124 122 126 123 125 124 124 124 124 124 124 124 124 124 124 124 124
215 215 214 213 212 210 208 207 206 207 124 118 126 127 124 123 126 117 128 133 58 41 43 45 47 46 45 44 43 46 47 44 45 45 45 45 45 45 45 45 45 45 45 45 45 45 45 45 45 45 45 45 45 45 45 45 45 45 45 45 45 45 45 45 45 45 45 45 45 45 45 45 46 46 44 45 46 50 43 41 73 129 124 124 123 124 125 124 124 124 124 124 124 124 124 124 124 124 124 124
216 216 216 215 214 212 210 209 216 131 122 123 122 125 121 124 122 126 125 126 36 44 45 44 46 43 46 48 44 43 45 45 45 45 45 45 45 45 45 45 45 45 45 45 45 45 45 45 45 45 45 45 45 45 45 45 45 45 45 45 45 45 45 45 45 45 45 45 45 45 45 45 44 48 42 44 45 45 45 45 33 129 122 124 125 123 126 122 124 124 124 124 124 124 124 124 124 124 124 124
215 217 215 214 219 211 216 222 144 123 118 126 125 123 125 123 125 120 127 93 35 46 44 45 45 45 45 45 45 45 45 45 45 45 46 46 45 44 45 47 47 44 43 46 42 45 46 46 48 44 44 47 46 44 47 45 45 43 48 46 47 44 45 43 45 43 45 45 43 50 39 46 45 45 45 45 45 45 45 45 39 91 126 122 128 122 124 124 124 124 124 124 124 124 124 124 123 125 125 125
215 214 216 212 217 215 218 164 120 120 125 127 122 122 125 123 123 127 132 59 43 45 44 45 45 45 45 45 45 45 45 45 44 46 47 44 44 46 45 42 45 45 46 48 45 49 45 43 44 50 46 44 39 52 39 47 45 46 41 42 45 46 44 50 46 44 45 50 42 43 49 43 45 45 45 45 45 45 45 45 42 57 134 123 124 124 125 124 124 124 124 124 124 124 124 124 124 123 122 123
214 217 215 216 213 221 185 112 117 123 126 123 121 124 126 123 123 128 127 34 47 44 44 45 45 45 45 45 45 45 45 45 48 44 43 46 47 44 44 47 45 42 44 43 47 47 44 46 46 40 43 43 47 44 50 44 44 48 47 46 45 46 43 40 45 44 45 45 46 43 43 46 45 45 45 45 45 45 45 45 45 32 120 126 121 126 124 124 124 124 124 124 124 124 124 124 123 126 124 126
216 214 215 215 218 200 111 122 127 126 122 121 125 126 123 124 125 124 103 35 45 45 46 45 45 45 45 45 45 45 45 45 44 44 45 46 46 45 44 44 46 50 41 48 47 44 42 48 40 49 45 48 50 39 42 47 45 48 42 45 45 47 46 49 43 49 46 40 46 49 44 47 45 45 45 45 45 45 45 45 45 37 78 130 123 126 122 124 124 124 124 124 124 124 124 124 123 124 120 124
216 212 214 217 213 108 124 125 123 125 123 125 128 124 121 125 126 126 74 44 44 45 46 45 45 45 45 45 45 45 45 45 46 44 43 44 45 45 45 46 42 44 47 46 42 43 48 38 74 39 44 42 44 46 48 43 41 48 46 41 45 42 46 43 47 45 43 48 43 41 45 45 45 45 45 45 45 45 45 45 45 47 43 131 125 123 122 125 124 124 124 124 124 124 124 124 126 121 124 125
213 221 216 218 116 123 123 125 121 125 124 123 125 124 123 125 124 133 53 42 47 44 44 46 45 45 45 45 45 45 45 45 44 47 48 45 44 44 45 45 36 39 32 36 29 29 28 13 231 34 22 26 24 26 23 22 29 21 22 69 34 44 43 47 41 43 50 43 45 48 43 48 45 45 45 45 45 45 45 45 45 45 34 121 126 121 125 125 124 124 124 124 124 124 124 124 122 122 128 120
216 212 224 123 120 126 124 122 125 126 123 121 124 125 124 124 123 131 40 41 48 43 43 46 45 45 45 45 45 45 45 45 44 44 42 43 47 47 35 21 211 82 110 120 162 178 212 230 228 242 237 239 244 245 243 238 228 218 201 240 108 65 21 27 32 35 35 34 58 44 43 45 45 45 45 45 45 45 45 45 45 44 38 99 128 122 125 124 124 124 124 124 124 124 124 124 126 127 117 124
215 227 132 119 122 126 122 126 124 123 124 125 124 122 122 125 123 124 33 45 46 42 44 46 45 45 45 45 45 45 45 45 50 39 40 41 22 25 103 198 237 239 238 235 236 229 231 226 227 225 226 226 227 225 227 226 229 228 228 227 238 242 242 207 163 118 74 125 134 26 45 45 45 45 45 45 45 45 45 45 45 48 39 79 130 125 123 123 124 124 124 124 124 124 124 124 122 125 119 183
230 143 118 126 122 125 124 124 124 124 124 124 124 124 124 124 126 114 34 45 47 42 45 45 46 47 39 43 45 46 42 23 131 89 58 115 181 243 239 230 223 225 225 230 227 224 227 224 226 225 230 225 226 228 220 229 224 230 225 223 226 224 226 229 235 237 241 242 203 92 24 30 40 47 34 45 46 43 47 45 47 44 41 82 127 123 127 123 128 123 121 126 121 124 127 122 123 114 183 196
160 124 121 126 123 126 123 123 124 124 124 124 124 124 124 124 125 105 37 46 43 50 44 45 43 37 69 45 28 20 47 118 231 237 237 243 230 228 223 228 224 229 224 219 223 229 226 228 224 231 224 224 225 227 232 227 232 218 226 231 225 227 229 226 225 230 222 222 229 237 235 156 61 21 100 36 43 48 41 44 42 50 37 85 134 120 123 126 122 126 124 127 125 121 123 126 112 165 194 193
118 120 126 124 123 125 123 125 124 124 124 124 124 124 124 124 128 113 34 51 40 41 46 43 47 27 156 87 146 211 245 234 229 228 227 225 226 227 227 226 227 227 222 235 232 234 160 230 223 227 227 229 227 224 211 184 232 228 227 222 224 227 223 226 227 223 226 231 226 227 226 235 244 237 190 24 43 45 47 46 44 44 38 103 128 124 121 126 124 123 126 124 120 129 121 117 150 198 196 194
122 128 124 121 124 124 124 126 124 124 124 124 124 124 124 124 123 126 35 43 47 50 45 44 23 85 231 238 234 233 225 229 225 224 227 225 226 223 227 230 232 230 233 210 171 158 202 225 227 228 220 227 222 231 231 169 194 235 232 230 235 229 233 228 226 229 224 224 225 225 225 227 226 223 234 215 22 43 41 48 47 43 37 125 122 125 124 124 125 124 125 122 126 123 120 141 196 195 192 194
125 126 121 123 126 125 125 124 124 124 124 124 124 124 124 124 126 133 50 43 40 43 42 30 245 236 228 226 227 226 222 223 225 230 232 232 232 226 201 175 156 162 153 175 221 231 228 227 224 228 228 226 230 224 219 235 198 160 164 172 169 162 164 200 234 228 234 224 228 224 230 224 227 231 225 238 92 37 44 46 43 47 45 133 127 121 127 123 120 131 121 126 126 118 134 197 197 191 194 191
122 123 124 125 123 123 126 123 124 124 124 124 124 124 124 124 124 128 84 42 45 47 36 106 238 228 223 228 228 223 228 234 233 201 166 155 152 164 187 213 230 233 229 227 230 223 227 227 225 228 225 227 226 227 231 224 230 229 231 232 228 231 225 190 156 156 162 200 224 230 225 227 223 222 229 233 198 22 49 41 45 36 81 128 124 123 125 124 125 121 123 128 114 131 204 195 190 194 192 196
124 125 127 125 122 123 124 124 124 124 124 124 124 124 124 124 121 124 120 30 46 46 18 202 230 223 226 225 224 225 223 143 155 188 219 232 230 232 231 228 228 224 224 228 228 224 226 226 228 223 227 226 225 228 225 224 226 228 224 227 227 225 228 228 231 234 231 192 165 222 225 225 226 229 226 225 245 88 36 47 47 37 121 124 122 126 123 125 125 124 123 120 131 200 192 193 194 194 190 199
126 122 123 123 125 125 122 125 124 124 124 124 124 124 124 124 126 123 133 59 42 38 77 244 225 228 227 225 228 226 224 231 232 228 227 226 227 226 225 225 224 226 228 225 223 230 223 226 224 228 226 228 226 223 228 227 223 227 228 224 228 227 221 227 227 220 228 229 229 227 229 226 225 225 224 224 229 244 48 42 41 63 135 122 128 121 124 126 124 124 121 126 199 193 194 192 192 194 193 192
124 124 124 124 124 124 124 124 124 124 124 124 124 124 124 124 125 122 124 110 33 27 176 232 226 226 226 226 226 226 226 226 228 225 228 226 226 225 226 226 228 229 224 228 224 225 231 223 225 226 226 226 226 227 226 225 226 224 226 226 226 226 228 224 226 226 226 226 226 226 226 226 226 226 226 224 228 238 137 37 35 121 126 124 121 128 124 123 123 124 124 198 195 195 190 195 193 193 193 193
124 124 124 124 124 124 124 124 124 124 124 124 124 124 124 124 119 127 127 129 74 29 136 239 226 226 226 226 226 226 226 226 226 223 224 225 230 224 230 242 224 222 240 224 225 227 223 228 226 226 226 226 225 225 225 226 225 242 228 236 236 223 225 227 226 226 226 226 226 226 226 226 227 226 224 226 227 235 117 30 71 129 124 129 126 121 121 126 122 117 194 194 191 194 196 192 193 193 193 193
124 124 124 124 124 124 124 124 124 124 124 124 124 124 124 124 126 123 120 126 131 65 109 236 226 226 226 226 226 226 226 226 225 230 226 228 226 224 236 66 19 18 89 238 233 224 225 227 227 226 226 227 226 224 226 229 242 77 24 16 107 245 224 224 226 226 226 226 226 226 226 226 225 230 226 226 226 239 89 24 127 125 125 116 121 129 121 122 126 190 194 191 193 196 191 193 193 193 193 193
124 124 124 124 124 124 124 124 124 124 124 124 124 124 124 124 122 124 129 125 126 89 109 236 226 226 226 226 226 226 226 226 224 227 227 227 224 234 145 26 30 227 20 153 231 227 222 229 227 225 226 227 227 225 228 233 168 22 27 241 28 154 234 226 226 226 226 226 226 226 226 226 225 229 227 225 226 243 83 91 132 120 127 127 125 122 125 117 181 190 193 187 195 190 193 193 193 193 193 193
124 124 124 124 124 124 124 124 124 124 124 124 124 124 124 124 130 121 120 129 64 253 105 237 226 226 226 226 226 226 226 226 226 227 226 223 227 242 116 30 47 51 33 122 238 225 229 221 227 225 226 227 227 225 228 233 148 28 43 31 30 131 246 223 226 226 226 226 226 226 226 226 227 223 226 226 225 239 99 210 90 129 122 124 122 120 117 178 192 192 187 189 193 193 193 194 193 193 193 193
124 124 124 124 124 124 124 124 124 124 124 124 124 124 124 124 122 127 122 127 104 247 115 233 226 226 226 226 226 226 226 226 229 226 228 225 234 245 217 23 37 39 20 217 229 228 225 229 227 226 226 227 226 224 226 229 220 23 37 37 17 234 247 233 226 226 226 226 226 226 226 226 227 223 228 226 224 236 105 255 70 123 124 127 123 115 171 190 185 187 195 186 191 195 194 192 193 193 193 193
124 124 124 124 124 124 124 124 124 124 124 124 124 124 124 124 120 125 124 122 125 247 127 237 226 226 226 226 226 226 226 226 227 219 228 227 236 243 254 176 51 53 178 238 221 226 224 227 226 226 226 226 225 225 225 226 231 197 87 84 204 252 245 227 226 226 226 226 226 226 226 226 225 228 229 226 226 236 107 248 82 131 120 123 115 160 185 186 189 184 186 192 195 189 189 197 193 193 193 193
124 124 124 124 124 124 124 124 124 124 124 124 124 124 124 124 128 123 121 125 86 254 136 234 226 226 226 226 226 226 226 226 225 231 225 225 224 229 227 236 240 242 232 224 228 226 228 225 225 226 226 226 226 227 226 225 226 231 238 239 230 221 226 225 225 226 226 226 226 226 226 226 225 227 224 226 227 236 119 249 69 124 127 114 153 191 185 184 187 189 189 188 191 191 196 192 193 193 193 193
124 124 124 124 124 124 124 124 124 124 124 124 124 124 124 124 124 123 123 127 98 151 157 235 226 225 228 223 229 228 226 226 226 225 225 229 220 227 231 223 226 227 224 225 230 226 223 229 226 226 226 226 226 226 226 226 227 224 226 225 223 216 222 228 227 224 228 227 226 227 225 226 226 228 225 224 227 235 128 141 111 123 117 155 189 182 186 182 185 187 185 188 192 190 190 195 190 195 191 198
124 124 124 124 124 124 124 124 124 124 124 124 124 124 124 124 123 127 123 125 128 97 103 235 227 229 222 228 227 218 230 228 227 230 229 222 229 217 203 230 201 224 232 225 225 229 228 225 226 226 226 226 226 226 226 226 224 228 230 192 217 200 229 201 227 225 228 225 225 228 226 227 226 224 230 228 221 241 106 91 128 116 160 187 180 181 181 185 185 189 184 191 187 195 197 189 200 190 202 142
124 124 124 124 124 124 124 124 124 124 124 124 124 124 124 124 123 124 126 124 122 136 62 239 226 223 231 224 227 227 224 223 223 224 219 231 216 198 227 210 210 225 229 224 225 227 226 225 226 226 226 226 226 226 226 226 227 225 224 222 220 226 215 212 226 227 227 223 225 228 225 226 227 227 225 229 228 232 105 130 117 152 182 178 179 184 179 186 187 187 189 185 191 188 189 198 188 205 153 115
124 124 124 124 124 124 124 124 124 124 124 124 124 124 124 124 126 124 124 122 125 125 87 197 229 229 223 230 223 229 226 227 225 229 232 222 226 229 225 227 229 227 224 224 227 225 223 226 226 226 226 226 226 226 226 226 226 228 226 228 230 227 230 227 225 227 227 225 226 226 224 226 225 227 224 224 229 241 74 119 146 182 179 177 182 177 183 183 184 184 185 191 192 186 196 189 203 160 118 123
124 124 124 124 124 124 124 124 124 124 124 124 124 124 124 124 126 121 123 129 124 126 118 137 235 226 228 224 227 224 225 224 225 227 221 226 227 226 225 226 224 227 227 226 226 226 226 227 226 226 226 226 226 226 226 226 224 230 224 225 220 226 228 228 226 226 226 227 227 225 225 226 226 228 228 228 232 166 108 142 179 181 177 180 181 178 182 184 184 184 185 189 187 189 190 200 173 116 122 125
124 124 124 124 124 124 124 124 124 124 124 124 124 124 124 124 126 124 126 119 123 123 124 71 249 220 229 231 230 226 229 230 228 225 224 229 225 227 223 228 223 226 228 227 226 226 227 226 226 226 226 226 226 226 226 226 229 220 230 227 228 228 220 227 227 226 225 227 226 226 228 224 214 209 209 227 243 79 138 175 171 178 175 174 179 181 182 183 185 185 189 181 189 189 194 180 117 124 124 122
124 124 124 124 124 124 124 124 124 124 124 124 124 124 124 124 123 122 125 127 127 126 126 96 152 237 198 192 199 227 223 226 226 225 228 226 223 227 227 226 231 226 225 227 226 225 226 226 226 226 226 226 226 226 226 226 225 229 224 226 225 227 229 226 227 226 225 227 225 227 228 213 189 189 187 231 159 96 181 175 174 175 175 183 178 175 184 179 181 185 186 187 192 191 189 118 123 122 126 123
124 124 124 124 124 124 124 124 124 124 124 124 124 124 124 124 124 126 122 127 121 123 127 129 59 178 192 189 186 208 228 225 225 230 223 225 229 222 230 224 226 225 226 225 224 227 228 227 226 226 226 226 226 226 226 226 227 224 229 227 223 228 221 227 226 226 226 227 224 228 226 201 192 197 201 182 70 184 169 172 174 176 177 176 179 181 179 183 183 183 187 186 190 190 116 123 124 125 120 126
124 124 124 124 124 124 124 124 124 124 124 124 124 124 124 124 124 124 124 124 124 124 124 124 129 48 187 196 186 195 229 226 225 227 226 222 228 224 225 227 227 226 227 228 227 225 225 226 224 225 225 227 223 225 226 226 225 225 226 226 227 227 226 225 227 222 228 227 224 227 228 211 190 205 178 55 185 164 172 172 170 177 179 175 180 177 180 182 183 182 187 187 191 122 122 122 124 124 124 124
124 124 124 124 124 124 124 124 124 124 124 124 124 124 124 124 124 124 124 124 124 124 124 124 124 129 46 170 201 202 225 230 225 227 223 233 224 227 229 224 226 224 224 226 227 227 227 228 232 235 228 233 237 229 228 225 227 228 227 224 224 226 226 224 225 230 223 224 233 223 222 233 226 135 60 178 173 172 171 171 176 173 171 178 175 180 184 177 181 179 184 193 125 120 125 124 124 124 124 124
124 124 124 124 124 124 124 124 124 124 124 124 124 124 124 124 124 124 124 124 124 124 124 124 126 125 135 52 107 243 232 224 228 224 226 223 224 227 227 226 227 228 229 228 225 224 226 229 147 136 182 156 137 181 227 228 227 223 223 228 229 226 226 228 227 225 227 228 220 231 236 239 91 74 177 176 160 167 176 169 174 170 178 177 178 177 174 185 181 187 190 122 119 123 123 124 124 124 124 124
124 124 124 124 124 124 124 124 124 124 124 124 124 124 124 124 124 124 124 124 124 124 124 124 122 125 120 135 94 64 206 242 230 227 229 226 225 222 232 225 225 224 223 224 226 227 227 227 233 236 199 219 234 231 224 227 225 227 227 225 225 226 225 224 226 222 227 225 232 243 154 59 107 168 166 159 170 172 167 171 171 175 176 176 174 180 183 175 186 186 125 121 122 125 125 123 124 124 124 124
124 124 124 124 124 124 124 124 124 124 124 124 124 124 124 124 124 124 124 124 124 124 124 124 125 127 127 118 130 130 58 86 188 243 232 226 228 225 224 223 226 227 228 227 227 227 227 227 228 224 226 227 228 223 226 222 227 225 226 228 227 225 226 230 225 230 239 242 162 51 92 127 163 166 164 166 165 164 169 173 171 176 173 174 175 183 173 185 179 129 117 128 120 127 120 126 124 124 124 124
124 124 124 124 124 124 124 124 124 124 124 124 124 124 124 124 124 124 124 124 124 124 124 124 124 121 123 128 120 123 130 126 77 66 133 219 240 238 233 226 223 225 226 226 225 225 225 225 228 226 228 224 224 228 222 233 227 225 224 224 225 228 232 236 240 205 116 46 83 137 116 153 163 165 163 168 167 167 171 168 170 172 175 172 182 175 180 183 136 116 129 120 122 126 124 124 124 124 124 124
124 124 124 124 124 124 124 124 124 124 124 124 124 124 124 124 124 124 124 124 124 124 124 124 126 123 120 130 124 127 124 122 130 122 110 54 61 111 166 230 244 242 238 236 235 235 231 227 224 222 230 224 229 226 231 225 230 236 239 241 240 218 159 103 66 72 113 132 129 116 149 164 161 165 163 162 164 168 170 171 170 173 170 174 178 173 191 134 118 124 121 128 122 123 127 123 124 124 124 124
124 124 124 124 124 124 124 124 124 124 124 124 124 124 124 124 124 124 124 124 124 124 124 124 123 127 126 122 124 123 127 125 123 125 123 130 129 121 93 67 58 81 109 130 146 170 199 221 220 228 222 224 223 223 209 193 173 152 123 93 68 64 93 128 129 126 122 128 116 143 166 160 162 160 166 166 166 169 167 169 170 172 173 173 178 183 127 120 125 125 122 125 125 125 120 126 124 124 124 124
124 124 124 124 124 124 124 124 124 124 124 124 124 124 124 124 123 125 125 123 123 124 124 123 124 123 125 124 124 122 123 125 123 126 121 125 123 120 129 125 75 71 97 87 76 69 50 67 141 112 123 142 119 50 54 64 73 82 67 114 133 127 127 123 122 126 123 122 140 164 156 162 160 160 164 162 169 167 164 168 172 169 170 176 179 133 121 124 124 124 124 124 124 124 124 124 124 124 124 124
124 124 124 124 124 124 124 124 124 124 124 124 124 124 124 124 123 124 124 124 124 125 124 123 125 123 124 127 123 128 126 121 125 124 124 121 127 127 132 64 104 78 97 97 99 103 100 80 144 191 180 136 89 103 103 100 104 106 71 85 69 134 123 124 124 122 119 139 161 156 159 158 158 165 163 162 164 169 168 173 166 174 173 179 132 120 123 126 124 124 124 124 124 124 124 124 124 124 124 124
124 124 124 124 124 124 124 124 124 124 124 124 124 124 124 124 124 123 123 124 125 124 123 123 123 130 122 120 123 123 122 126 123 121 125 126 122 126 82 93 101 92 69 102 98 100 100 101 93 51 49 100 101 94 101 98 94 98 74 105 84 87 128 125 125 124 135 156 154 159 159 158 163 159 162 164 166 160 170 164 168 171 177 139 118 124 124 121 124 124 124 124 124 124 124 124 124 124 124 124
124 124 124 124 124 124 124 124 124 124 124 124 124 124 124 124 125 124 124 125 125 123 123 124 124 97 103 130 128 127 123 126 125 126 124 125 121 118 74 98 98 108 67 102 97 103 96 104 69 101 88 68 104 98 97 99 104 96 77 97 104 65 117 125 117 130 159 153 154 154 160 156 159 158 168 158 164 172 161 171 169 176 144 122 123 123 126 122 124 124 124 124 124 124 124 124 124 124 124 124
124 124 124 124 124 124 124 124 124 124 124 124 124 124 124 124 125 124 124 124 124 123 124 125 130 115 157 95 95 93 129 124 121 125 126 123 135 55 103 98 101 93 90 78 100 100 105 70 86 100 100 82 71 102 100 101 97 74 93 103 97 104 61 131 131 155 149 156 155 156 157 161 161 164 138 167 160 166 165 169 174 150 117 125 124 123 124 126 124 124 124 124 124 124 124 124 124 124 124 124
124 124 124 124 124 124 124 124 124 124 124 124 124 124 124 124 123 124 124 123 124 125 124 124 107 106 239 136 108 143 122 126 127 118 123 132 69 97 102 101 97 100 101 74 97 99 68 87 103 97 103 99 80 64 104 98 103 66 102 99 98 99 88 94 158 153 152 150 155 156 153 148 160 141 176 160 165 162 168 171 153 117 125 118 127 126 121 125 124 124 124 124 124 124 124 124 124 124 124 124
124 124 124 124 124 124 124 124 124 124 124 124 124 124 124 124 123 124 124 123 124 125 122 117 107 231 219 225 130 186 104 124 123 126 131 91 87 98 101 96 98 101 98 96 100 64 92 98 97 99 100 100 99 94 64 82 87 82 95 100 102 96 99 131 149 144 153 157 146 161 141 153 136 210 151 140 157 166 166 157 117 123 128 125 123 122 123 126 124 124 124 124 124 124 124 124 124 124 124 124
124 124 124 124 124 124 124 124 124 124 124 124 124 124 124 124 124 125 124 122 124 125 119 111 149 225 217 197 211 202 88 126 124 126 110 69 102 99 97 100 97 100 99 100 95 102 96 103 98 99 96 98 102 99 99 97 86 104 98 100 95 99 139 135 136 154 149 152 155 153 149 201 141 210 206 224 142 164 161 118 122 124 123 124 122 127 122 124 124 124 124 124 124 124 124 124 124 124 124 124
124 124 124 124 124 124 124 124 124 124 124 124 124 124 124 124 124 124 124 124 125 126 122 116 118 232 213 219 218 214 88 129 128 113 72 99 100 101 99 92 99 100 99 98 100 99 98 99 100 99 97 101 101 98 100 98 99 101 98 98 95 135 135 136 133 151 151 152 154 155 158 205 203 203 203 211 139 164 120 124 124 124 124 124 124 124 124 124 124 124 124 124 124 124 124 124 124 124 124 124
124 124 124 124 124 124 124 124 124 124 124 124 124 124 124 124 125 125 124 123 124 124 121 116 119 219 238 224 230 168 47 85 92 77 100 102 99 92 103 83 95 99 100 99 100 99 98 99 98 98 107 96 97 96 100 101 96 97 100 95 134 127 137 133 139 132 139 145 133 134 177 203 198 203 201 211 191 95 122 123 124 124 124 124 124 124 124 124 124 124 124 124 124 124 124 124 124 124 124 124
124 124 124 124 124 124 124 124 124 124 124 124 124 124 124 124 124 124 124 123 124 125 124 121 123 73 77 125 170 69 105 97 82 73 102 100 99 102 98 87 91 98 101 99 99 99 99 99 101 91 61 70 103 98 101 97 102 101 89 128 134 120 135 137 131 141 129 128 145 139 141 214 202 199 211 232 101 111 125 125 124 124 124 124 124 124 124 124 124 124 124 124 124 124 124 124 124 124 124 124
124 124 124 124 124 124 124 124 124 124 124 124 124 124 124 124 123 124 124 123 124 126 126 125 123 124 130 108 66 101 98 101 99 100 97 96 99 102 99 86 90 98 100 99 99 100 99 99 102 65 117 62 101 99 96 101 97 93 130 129 131 122 138 132 138 137 138 138 140 143 131 180 214 211 171 78 117 126 124 123 124 124 124 124 124 124 124 124 124 124 124 124 124 124 124 124 124 124 124 124
124 124 124 124 124 124 124 124 124 124 124 124 124 124 124 124 124 124 124 123 123 124 124 124 126 123 128 102 91 96 102 100 102 100 97 101 101 98 97 87 93 98 99 97 98 100 99 98 101 90 65 86 100 103 99 98 96 117 133 129 133 121 133 135 134 134 140 137 138 140 144 146 134 132 114 125 126 124 123 123 124 124 124 124 124 124 124 124 124 124 124 124 124 124 124 124 124 124 124 124
124 124 124 124 124 124 124 124 124 124 124 124 124 124 124 124 124 124 124 124 124 124 125 125 123 124 121 131 79 97 100 100 96 95 103 97 101 98 108 69 97 99 98 97 99 99 98 99 99 95 103 103 99 93 101 89 121 125 127 125 135 116 118 136 135 133 139 140 139 143 138 141 162 139 126 120 119 128 122 127 124 124 124 124 124 124 124 124 124 124 124 124 124 124 124 124 124 124 124 124
124 124 124 124 124 124 124 124 124 124 124 124 124 124 124 124 124 124 124 124 125 125 125 125 123 129 123 123 130 81 92 97 101 103 93 99 100 104 60 93 99 99 98 98 100 99 98 100 100 99 94 102 98 100 97 116 124 133 124 131 131 117 130 121 135 136 137 139 135 141 127 150 151 122 120 124 123 126 121 125 124 124 124 124 124 124 124 124 124 124 124 124 124 124 124 124 124 124 124 124
124 124 124 124 124 124 124 124 124 124 124 124 124 124 124 124 124 124 124 124 124 124 123 122 126 122 124 124 124 131 88 68 80 99 104 97 90 58 122 88 100 99 98 100 101 98 97 101 97 99 103 96 99 97 108 128 125 122 128 126 131 120 141 136 117 123 127 126 123 131 153 160 124 124 123 128 124 123 124 124 124 124 124 124 124 124 124 124 124 124 124 124 124 124 124 124 124 124 124 124
124 124 124 124 124 124 124 124 124 124 124 124 124 124 124 124 124 124 124 124 124 124 124 124 123 123 123 124 124 125 126 126 102 81 76 79 98 128 130 79 101 100 98 97 98 99 99 98 99 99 99 98 96 110 122 124 125 127 124 128 129 127 126 146 147 147 141 152 153 154 155 134 124 124 124 124 124 124 124 124 124 124 124 124 124 124 124 124 124 124 124 124 124 124 124 124 124 124 124 124
124 124 124 124 124 124 124 124 124 124 124 124 124 124 124 124 124 124 124 124 124 124 124 124 124 124 124 124 124 125 125 125 124 125 131 130 123 126 130 76 100 99 99 100 100 100 100 100 98 105 95 97 105 124 122 123 123 126 125 129 130 129 124 145 147 142 153 141 149 157 137 123 124 124 124 124 124 124 124 124 124 124 124 124 124 124 124 124 124 124 124 124 124 124 124 124 124 124 124 124
124 124 124 124 124 124 124 124 124 124 124 124 124 124 124 124 124 124 124 124 124 124 124 124 125 124 124 124 124 124 124 124 125 127 124 127 123 123 131 69 101 99 99 100 100 98 98 99 100 98 97 101 119 120 120 121 122 125 124 128 128 129 121 145 143 150 144 148 150 143 118 122 124 124 124 124 124 124 124 124 124 124 124 124 124 124 124 124 124 124 124 124 124 124 124 124 124 124 124 124
124 124 124 124 124 124 124 124 124 124 124 124 124 124 124 124 124 124 124 124 124 124 124 124 125 125 124 124 124 124 124 124 123 122 121 125 125 126 129 71 101 100 99 98 99 99 99 99 99 97 101 124 117 121 119 125 122 125 124 126 125 129 120 144 142 147 144 149 148 117 123 124 124 124 124 124 124 124 124 124 124 124 124 124 124 124 124 124 124 124 124 124 124 124 124 124 124 124 124 124
124 124 124 124 124 124 124 124 124 124 124 124 124 124 124 124 124 124 124 124 124 124 124 124 124 124 124 124 124 124 124 124 125 122 127 126 123 125 113 75 99 100 99 98 99 101 100 98 99 89 95 117 119 119 117 119 122 124 123 126 124 129 122 138 144 142 148 147 118 123 127 123 124 124 124 124 124 124 124 124 124 124 124 124 124 124 124 124 124 124 124 124 124 124 124 124 124 124 124 124
124 124 124 124 124 124 124 124 124 124 124 124 124 124 124 124 124 124 124 124 124 124 124 124 124 124 124 124 124 124 124 124 128 122 126 121 122 129 101 89 98 100 100 99 99 99 98 95 95 110 124 103 120 115 127 121 121 123 124 126 126 129 125 127 147 144 147 125 121 124 126 123 124 124 124 124 124 124 124 124 124 124 124 124 124 124 124 124 124 124 124 124 124 124 124 124 124 124 124 124
124 124 124 124 124 124 124 124 124 124 124 124 124 124 124 124 124 124 124 124 124 124 124 124 124 124 124 124 124 124 124 124 122 122 128 124 123 126 86 96 100 99 99 100 98 96 97 100 121 111 105 114 126 118 114 121 121 122 124 125 127 127 129 118 145 147 127 122 126 126 120 126 124 124 124 124 124 124 124 124 124 124 124 124 124 124 124 124 124 124 124 124 124 124 124 124 124 124 124 124
124 124 124 124 124 124 124 124 124 124 124 124 124 124 124 124 124 124 124 124 124 124 124 124 124 124 124 124 123 123 124 124 127 125 123 122 126 129 81 101 101 97 97 101 100 97 102 112 118 118 121 121 115 117 122 120 123 122 124 124 126 126 133 113 145 131 123 122 123 124 126 122 124 124 124 124 124 124 124 124 124 124 124 124 124 124 124 124 124 124 124 124 124 124 124 124 124 124 124 124
124 124 124 124 124 124 124 124 124 124 124 124 124 124 124 124 124 124 124 124 124 124 124 124 124 124 124 124 124 124 124 124 124 122 123 125 122 131 72 100 100 96 98 102 95 95 112 121 119 119 119 119 119 119 119 118 119 120 124 129 125 124 129 128 130 120 121 128 122 126 123 126 124 124 124 124 124 124 124 124 124 124 124 124 124 124 124 124 124 124 124 124 124 124 124 124 124 124 124 124
124 124 124 124 124 124 124 124 124 124 124 124 124 124 124 124 124 124 124 124 124 124 124 124 124 124 124 124 124 124 124 124 124 124 123 124 125 120 81 100 97 102 99 95 97 111 122 116 119 119 119 119 119 119 119 118 122 121 121 125 124 127 132 129 75 130 126 120 125 123 124 124 124 124 124 124 124 124 124 124 124 124 124 124 124 124 124 124 124 124 124 124 124 124 124 124 124 124 124 124
124 124 124 124 124 124 124 124 124 124 124 124 124 124 124 124 124 124 124 124 124 124 124 124 124 124 124 124 124 124 124 124 123 126 123 123 127 106 92 99 99 101 97 99 109 119 122 117 119 119 119 119 119 119 118 118 121 120 120 124 125 127 125 113 70 125 125 123 125 121 127 122 124 124 124 124 124 124 124 124 124 124 124 124 124 124 124 124 124 124 124 124 124 124 124 124 124 124 124 124
124 124 124 124 124 124 124 124 124 124 124 124 124 124 124 124 124 124 124 124 124 124 124 124 124 124 124 124 124 124 124 124 123 126 124 123 127 100 99 98 100 99 97 108 120 118 117 121 119 119 119 119 119 119 118 118 120 121 121 124 125 125 116 95 100 112 123 127 122 123 126 123 124 124 124 124 124 124 124 124 124 124 124 124 124 124 124 124 124 124 124 124 124 124 124 124 124 124 124 124
